1000.000: 14 15 15 17 18 14 
1100.000: 15 15 16 15 15 15 
1200.000: 11 13 16 13 15 14 
1300.000: 12 14 13 13 12 13 
1400.000: 11 12 13 13 12 12 
1500.000: 9 12 12 11 11 10 
1600.000: 9 13 12 11 11 10 
1700.000: 9 13 12 10 11 9 
1800.000: 9 14 12 10 9 9 
1900.000: 9 14 12 8 9 10 
2000.000: 9 12 12 9 10 10 
2100.000: 9 12 11 9 9 9 
2200.000: 9 10 10 8 10 9 
2300.000: 9 8 11 8 10 9 
2400.000: 7 9 10 8 9 9 
2500.000: 6 8 10 8 10 8 
2600.000: 8 8 9 8 8 8 
2700.000: 7 10 9 8 7 7 
2800.000: 7 11 9 8 8 7 
2900.000: 7 10 9 7 9 7 
3000.000: 6 8 9 6 9 7 
3100.000: 6 7 11 6 9 7 
3200.000: 6 7 12 5 9 7 
3300.000: 6 5 11 6 9 7 
3400.000: 6 6 10 6 9 7 
3500.000: 7 5 10 5 9 7 
3600.000: 7 7 11 6 10 7 
3700.000: 5 7 10 5 9 7 
3800.000: 5 7 10 4 9 7 
3900.000: 5 7 10 3 7 8 
4000.000: 5 7 10 3 7 8 
4100.000: 5 7 9 3 7 8 
4200.000: 5 8 9 4 6 8 
4300.000: 5 8 9 4 6 8 
4400.000: 5 8 9 4 7 8 
4500.000: 5 7 9 5 7 7 
4600.000: 5 7 9 6 7 7 
4700.000: 5 6 8 5 7 6 
4800.000: 6 6 8 5 7 6 
4900.000: 6 6 7 4 6 6 
5000.000: 5 5 6 4 6 6 
5100.000: 5 4 6 4 6 4 
5200.000: 5 4 6 4 6 4 
5300.000: 6 4 6 4 7 4 
5400.000: 6 4 6 4 7 3 
5500.000: 6 3 6 4 8 3 
5600.000: 6 3 6 4 8 3 
5700.000: 6 3 7 4 8 3 
5800.000: 6 4 7 4 9 3 
5900.000: 6 4 6 4 9 3 
6000.000: 6 4 6 4 10 3 
6100.000: 7 4 6 4 9 3 
6200.000: 7 4 6 4 9 3 
6300.000: 7 5 6 4 9 3 
6400.000: 6 5 6 4 8 3 
6500.000: 6 5 6 4 8 3 
6600.000: 6 5 6 4 7 3 
6700.000: 6 4 6 3 7 3 
6800.000: 6 4 7 3 7 3 
6900.000: 6 4 7 3 7 4 
7000.000: 6 4 7 5 7 4 
7100.000: 6 5 7 4 7 4 
7200.000: 6 5 8 4 7 3 
7300.000: 5 5 8 4 7 3 
7400.000: 5 5 8 4 7 3 
7500.000: 5 5 8 4 7 3 
7600.000: 5 5 9 4 7 3 
7700.000: 5 6 9 4 7 3 
7800.000: 5 7 8 3 7 3 
7900.000: 5 8 8 5 8 3 
8000.000: 5 8 8 5 8 3 
8100.000: 5 8 8 5 8 3 
8200.000: 5 8 8 5 7 3 
8300.000: 5 7 9 5 7 4 
8400.000: 5 7 9 6 7 4 
8500.000: 5 7 9 5 6 4 
8600.000: 5 7 9 5 6 4 
8700.000: 5 7 8 5 6 4 
8800.000: 5 7 8 5 6 3 
8900.000: 5 6 8 5 5 3 
9000.000: 5 6 8 5 5 3 
9100.000: 4 6 8 5 5 3 
9200.000: 4 6 8 5 5 3 
9300.000: 4 6 8 5 5 3 
9400.000: 4 5 8 5 5 3 
9500.000: 4 5 8 5 5 3 
9600.000: 4 5 8 5 5 3 
9700.000: 4 5 8 5 5 3 
9800.000: 4 5 9 5 5 3 
9900.000: 4 5 9 4 5 3 
10000.000: 4 5 8 4 5 3 
10100.000: 4 5 8 4 6 3 
10200.000: 4 5 8 4 6 3 
10300.000: 4 5 7 4 6 4 
10400.000: 4 5 7 4 6 4 
10500.000: 4 5 6 4 6 4 
10600.000: 4 5 6 3 6 4 
10700.000: 5 5 6 3 6 3 
10800.000: 5 5 6 3 5 3 
10900.000: 5 4 6 3 5 3 
11000.000: 5 4 6 2 5 3 
11100.000: 4 4 6 2 5 3 
11200.000: 4 4 5 2 4 3 
11300.000: 4 3 5 2 4 3 
11400.000: 4 3 5 2 4 3 
11500.000: 4 3 5 2 4 3 
11600.000: 4 3 5 2 3 3 
11700.000: 4 3 5 2 3 3 
11800.000: 4 3 5 3 3 2 
11900.000: 4 3 5 3 3 2 
12000.000: 3 3 4 3 3 2 
12100.000: 3 3 4 4 3 2 
12200.000: 3 3 4 4 3 2 
12300.000: 3 2 4 4 3 2 
12400.000: 3 2 4 4 3 2 
12500.000: 3 2 4 4 3 2 
12600.000: 3 2 4 3 3 1 
12700.000: 3 2 3 3 3 1 
12800.000: 3 2 3 3 3 1 
12900.000: 2 2 3 2 3 1 
13000.000: 2 2 3 2 3 1 
13100.000: 2 2 3 2 3 1 
13200.000: 2 2 3 2 3 1 
13300.000: 2 2 3 2 3 1 
13400.000: 2 2 3 1 2 1 
13500.000: 2 2 3 1 2 1 
13600.000: 2 1 3 1 2 1 
13700.000: 2 1 2 1 2 1 
13800.000: 2 1 2 1 2 1 
13900.000: 2 1 2 1 2 1 
14000.000: 2 1 2 1 1 1 
14100.000: 2 1 2 1 1 1 
14200.000: 1 1 1 1 1 1 
