1000.000: 15 17 12 13 17 16 
1100.000: 16 15 12 13 17 14 
1200.000: 14 14 13 13 14 13 
1300.000: 14 14 11 13 13 12 
1400.000: 13 12 11 12 14 12 
1500.000: 11 12 11 13 12 11 
1600.000: 10 12 10 10 11 11 
1700.000: 11 12 10 10 11 11 
1800.000: 10 10 9 10 11 11 
1900.000: 10 9 9 10 10 11 
2000.000: 8 9 9 9 9 10 
2100.000: 8 9 9 9 10 10 
2200.000: 9 8 9 9 9 8 
2300.000: 9 8 8 9 9 8 
2400.000: 9 8 8 9 8 7 
2500.000: 9 8 7 9 8 7 
2600.000: 9 8 8 9 9 7 
2700.000: 9 8 8 8 9 7 
2800.000: 9 7 8 8 9 6 
2900.000: 9 8 9 8 10 6 
3000.000: 8 7 9 8 10 6 
3100.000: 9 8 9 6 10 6 
3200.000: 8 8 8 6 9 7 
3300.000: 8 8 7 7 9 6 
3400.000: 8 8 7 7 8 5 
3500.000: 8 8 7 6 7 5 
3600.000: 6 8 7 6 7 7 
3700.000: 6 8 8 6 7 7 
3800.000: 6 8 8 6 6 6 
3900.000: 6 8 8 5 6 6 
4000.000: 5 7 8 6 6 7 
4100.000: 5 7 8 6 6 7 
4200.000: 5 7 7 6 6 7 
4300.000: 5 7 7 6 6 7 
4400.000: 5 7 6 5 5 7 
4500.000: 6 6 6 5 5 7 
4600.000: 6 6 6 5 5 7 
4700.000: 6 6 6 5 6 7 
4800.000: 7 5 5 5 6 7 
4900.000: 7 5 5 5 5 7 
5000.000: 7 6 5 5 5 7 
5100.000: 7 5 4 5 5 7 
5200.000: 7 5 3 5 5 7 
5300.000: 8 5 3 5 6 7 
5400.000: 8 3 3 5 6 6 
5500.000: 8 3 3 5 6 6 
5600.000: 8 3 3 5 7 6 
5700.000: 8 2 3 5 7 6 
5800.000: 8 2 4 5 7 6 
5900.000: 8 3 5 5 7 5 
6000.000: 8 3 5 5 7 5 
6100.000: 8 2 5 5 7 5 
6200.000: 7 2 5 5 8 5 
6300.000: 7 2 4 5 8 5 
6400.000: 7 2 4 6 8 5 
6500.000: 7 2 4 6 8 5 
6600.000: 7 2 4 6 8 5 
6700.000: 7 2 4 6 8 5 
6800.000: 8 3 4 6 8 5 
6900.000: 8 3 4 6 7 5 
7000.000: 7 3 4 6 7 4 
7100.000: 7 3 4 6 7 4 
7200.000: 7 3 4 6 7 4 
7300.000: 6 3 4 6 7 4 
7400.000: 6 3 4 6 7 4 
7500.000: 6 3 4 6 6 4 
7600.000: 6 3 4 6 6 4 
7700.000: 6 3 5 6 6 4 
7800.000: 6 3 5 7 6 4 
7900.000: 5 3 5 7 5 5 
8000.000: 5 3 5 6 5 5 
8100.000: 5 3 5 6 5 4 
8200.000: 5 3 5 6 5 4 
8300.000: 5 3 5 7 5 4 
8400.000: 5 3 5 7 5 3 
8500.000: 5 4 5 7 5 3 
8600.000: 4 4 5 6 5 3 
8700.000: 4 4 5 6 5 3 
8800.000: 4 4 5 6 5 3 
8900.000: 4 4 5 6 5 3 
9000.000: 4 4 5 6 5 3 
9100.000: 4 4 5 6 5 3 
9200.000: 4 4 5 6 5 3 
9300.000: 4 4 5 5 5 3 
9400.000: 4 4 5 5 5 3 
9500.000: 5 4 5 5 5 4 
9600.000: 5 4 5 5 5 4 
9700.000: 5 4 5 5 5 4 
9800.000: 5 4 5 5 4 3 
9900.000: 6 4 5 4 4 3 
10000.000: 6 4 5 4 4 3 
10100.000: 6 4 5 4 4 2 
10200.000: 5 4 5 4 4 2 
10300.000: 5 4 5 3 4 2 
10400.000: 5 4 4 3 4 2 
10500.000: 5 4 4 3 4 2 
10600.000: 5 4 4 3 4 2 
10700.000: 4 4 4 3 4 2 
10800.000: 4 4 4 2 4 2 
10900.000: 4 5 3 2 4 2 
11000.000: 4 5 3 2 4 2 
11100.000: 3 5 3 2 5 2 
11200.000: 3 5 3 2 5 3 
11300.000: 3 5 3 2 5 3 
11400.000: 3 4 2 2 5 3 
11500.000: 2 4 2 2 4 3 
11600.000: 2 4 2 2 4 3 
11700.000: 2 4 2 2 4 4 
11800.000: 2 3 2 2 4 4 
11900.000: 2 3 2 2 4 4 
12000.000: 2 3 2 2 4 3 
12100.000: 2 3 2 2 4 3 
12200.000: 2 2 2 2 4 3 
12300.000: 2 2 2 2 4 3 
12400.000: 2 2 2 2 3 3 
12500.000: 2 2 2 2 3 3 
12600.000: 1 1 2 2 3 2 
12700.000: 1 1 2 2 3 2 
12800.000: 1 1 2 2 3 2 
12900.000: 1 1 1 2 2 2 
13000.000: 1 1 1 2 2 2 
13100.000: 1 1 1 2 2 1 
13200.000: 1 1 1 2 2 1 
13300.000: 1 1 1 2 2 1 
13400.000: 1 1 1 2 2 1 
13500.000: 1 1 1 2 1 1 
13600.000: 1 1 1 1 1 1 
