1000.000: 14 11 12 12 12 15 
1100.000: 13 12 11 14 12 11 
1200.000: 11 12 10 12 11 12 
1300.000: 9 11 8 11 11 13 
1400.000: 9 13 7 9 11 13 
1500.000: 10 11 8 8 9 11 
1600.000: 11 10 7 8 9 11 
1700.000: 10 9 7 8 8 9 
1800.000: 9 8 7 9 8 9 
1900.000: 7 7 6 7 8 9 
2000.000: 7 6 6 7 9 8 
2100.000: 7 6 6 7 8 8 
2200.000: 9 8 6 7 7 8 
2300.000: 8 6 6 7 7 7 
2400.000: 8 5 6 8 7 7 
2500.000: 7 4 6 8 7 7 
2600.000: 7 4 6 7 6 7 
2700.000: 8 4 6 6 6 8 
2800.000: 8 5 5 6 6 8 
2900.000: 9 5 6 7 6 8 
3000.000: 9 5 6 6 7 8 
3100.000: 9 5 6 6 6 7 
3200.000: 9 5 6 4 6 7 
3300.000: 8 5 5 4 6 7 
3400.000: 7 5 5 4 6 7 
3500.000: 7 4 5 4 6 7 
3600.000: 7 4 5 4 6 6 
3700.000: 6 4 5 5 5 6 
3800.000: 5 3 5 5 5 5 
3900.000: 5 3 5 5 5 4 
4000.000: 4 3 5 5 5 4 
4100.000: 3 3 5 5 5 4 
4200.000: 4 3 5 5 5 3 
4300.000: 4 3 5 6 4 3 
4400.000: 3 3 5 6 4 4 
4500.000: 3 3 5 6 4 4 
4600.000: 3 3 5 7 5 3 
4700.000: 3 3 4 7 5 3 
4800.000: 3 3 4 7 5 4 
4900.000: 3 3 4 7 5 4 
5000.000: 3 3 4 7 5 4 
5100.000: 3 3 4 6 5 4 
5200.000: 3 4 4 6 4 5 
5300.000: 3 4 4 6 4 5 
5400.000: 4 4 4 6 4 5 
5500.000: 7 4 4 7 4 5 
5600.000: 7 4 4 7 4 5 
5700.000: 7 3 4 7 4 5 
5800.000: 6 3 4 7 4 4 
5900.000: 6 3 4 7 5 4 
6000.000: 6 3 4 7 5 4 
6100.000: 6 3 4 6 5 4 
6200.000: 6 3 4 6 5 4 
6300.000: 5 4 4 6 5 4 
6400.000: 5 4 4 6 5 4 
6500.000: 5 4 4 7 5 4 
6600.000: 4 4 4 7 6 5 
6700.000: 4 4 4 6 6 5 
6800.000: 4 4 4 6 5 5 
6900.000: 4 4 4 6 5 4 
7000.000: 4 5 4 5 5 4 
7100.000: 4 5 4 5 5 4 
7200.000: 4 6 4 5 5 4 
7300.000: 4 6 4 5 5 4 
7400.000: 5 5 4 5 5 4 
7500.000: 5 5 4 5 4 4 
7600.000: 5 5 4 4 4 4 
7700.000: 5 4 4 4 4 4 
7800.000: 4 4 3 4 3 4 
7900.000: 4 3 3 4 3 4 
8000.000: 4 3 3 4 3 4 
8100.000: 4 3 3 3 3 4 
8200.000: 3 3 3 3 3 4 
8300.000: 3 2 3 3 3 5 
8400.000: 3 2 3 3 3 5 
8500.000: 2 2 3 3 3 5 
8600.000: 2 2 3 2 3 5 
8700.000: 2 2 3 2 3 5 
8800.000: 2 3 3 2 3 4 
8900.000: 2 3 3 2 3 4 
9000.000: 2 3 3 2 3 4 
9100.000: 2 3 3 2 2 4 
9200.000: 2 3 2 1 2 4 
9300.000: 2 3 2 1 2 3 
9400.000: 2 3 2 1 2 3 
9500.000: 1 3 2 1 2 3 
9600.000: 1 2 2 1 2 3 
9700.000: 1 2 1 1 2 3 
9800.000: 1 2 1 1 2 2 
9900.000: 1 1 1 1 2 2 
10000.000: 1 1 1 1 1 2 
10100.000: 1 1 1 1 1 2 
10200.000: 1 1 1 1 1 2 
10300.000: 1 1 1 1 1 2 
10400.000: 1 1 1 1 1 2 
10500.000: 1 1 1 1 1 2 
10600.000: 1 1 1 1 1 1 
