1000.000: 12 13 12 14 15 11 
1100.000: 12 12 12 12 14 11 
1200.000: 9 11 11 12 13 9 
1300.000: 8 10 11 12 13 9 
1400.000: 8 10 10 10 11 10 
1500.000: 8 10 9 10 10 9 
1600.000: 9 9 8 10 10 9 
1700.000: 8 10 8 10 7 8 
1800.000: 7 9 8 8 8 8 
1900.000: 6 8 7 8 8 8 
2000.000: 5 8 8 8 9 8 
2100.000: 6 8 8 8 9 7 
2200.000: 5 8 7 8 9 7 
2300.000: 5 8 7 9 8 7 
2400.000: 5 8 8 9 8 7 
2500.000: 5 8 8 7 8 6 
2600.000: 5 8 8 7 7 6 
2700.000: 5 7 7 7 7 6 
2800.000: 5 7 6 7 7 6 
2900.000: 5 7 6 6 7 5 
3000.000: 5 7 6 6 7 5 
3100.000: 5 7 6 6 7 5 
3200.000: 5 7 6 6 5 5 
3300.000: 5 7 6 6 5 6 
3400.000: 5 7 6 6 5 6 
3500.000: 5 6 6 7 5 6 
3600.000: 4 6 4 7 4 6 
3700.000: 4 6 4 7 4 5 
3800.000: 3 6 4 7 4 5 
3900.000: 3 6 4 7 4 5 
4000.000: 3 6 4 7 4 5 
4100.000: 3 5 4 7 4 5 
4200.000: 3 5 5 7 5 5 
4300.000: 3 5 5 7 5 5 
4400.000: 3 5 5 6 5 5 
4500.000: 3 4 5 6 5 5 
4600.000: 3 4 5 5 5 5 
4700.000: 3 4 5 4 5 5 
4800.000: 3 4 5 4 5 6 
4900.000: 3 4 6 4 6 6 
5000.000: 3 4 6 3 6 6 
5100.000: 3 3 6 3 6 6 
5200.000: 3 3 6 3 5 6 
5300.000: 3 3 7 2 5 6 
5400.000: 3 3 7 2 6 6 
5500.000: 3 3 7 4 6 6 
5600.000: 3 3 7 4 6 6 
5700.000: 3 3 7 4 6 6 
5800.000: 3 4 6 3 6 6 
5900.000: 3 5 6 3 6 6 
6000.000: 3 5 6 3 6 6 
6100.000: 3 5 6 2 6 6 
6200.000: 4 5 5 2 6 6 
6300.000: 4 5 5 2 5 6 
6400.000: 4 5 5 2 5 6 
6500.000: 3 5 5 2 5 6 
6600.000: 3 5 5 2 5 5 
6700.000: 3 5 5 2 4 5 
6800.000: 3 5 5 2 4 5 
6900.000: 3 5 5 3 4 5 
7000.000: 3 5 5 3 4 5 
7100.000: 3 5 5 3 4 5 
7200.000: 3 6 5 3 4 5 
7300.000: 3 6 5 3 4 5 
7400.000: 3 6 4 3 4 5 
7500.000: 3 5 4 3 5 5 
7600.000: 3 5 4 3 5 4 
7700.000: 3 5 4 3 5 4 
7800.000: 3 5 3 3 4 4 
7900.000: 3 5 3 4 4 4 
8000.000: 3 5 3 4 5 4 
8100.000: 3 5 3 4 5 4 
8200.000: 3 5 3 4 5 4 
8300.000: 3 5 3 4 5 4 
8400.000: 4 5 3 4 4 4 
8500.000: 4 5 3 4 4 4 
8600.000: 4 5 3 4 4 4 
8700.000: 3 5 3 4 4 3 
8800.000: 3 5 3 4 3 3 
8900.000: 2 5 3 4 3 3 
9000.000: 2 5 3 4 3 3 
9100.000: 2 5 3 4 3 2 
9200.000: 2 5 3 4 3 2 
9300.000: 2 4 4 4 3 2 
9400.000: 2 4 4 4 3 2 
9500.000: 2 4 3 4 3 2 
9600.000: 2 4 3 4 3 2 
9700.000: 2 4 3 4 3 2 
9800.000: 2 4 3 4 4 2 
9900.000: 2 4 2 4 4 2 
10000.000: 2 3 2 4 4 2 
10100.000: 2 3 2 4 4 2 
10200.000: 2 3 2 3 3 1 
10300.000: 2 3 2 3 3 1 
10400.000: 2 2 2 3 3 1 
10500.000: 1 2 2 2 3 1 
10600.000: 1 2 2 2 3 1 
10700.000: 1 2 2 2 3 1 
10800.000: 1 2 2 2 2 1 
10900.000: 1 1 2 1 2 1 
11000.000: 1 1 2 1 2 1 
11100.000: 1 1 2 1 2 1 
11200.000: 1 1 2 1 2 1 
11300.000: 1 1 1 1 2 1 
11400.000: 1 1 1 1 1 1 
