1000.000: 14 11 13 13 14 12 
1100.000: 15 11 13 12 12 14 
1200.000: 14 12 13 11 12 13 
1300.000: 12 11 13 12 12 13 
1400.000: 11 10 13 11 12 11 
1500.000: 11 9 11 9 10 12 
1600.000: 10 8 9 10 9 11 
1700.000: 9 8 9 10 8 10 
1800.000: 8 8 11 8 7 8 
1900.000: 8 7 11 8 7 8 
2000.000: 8 7 10 7 7 10 
2100.000: 8 7 9 7 7 9 
2200.000: 9 8 9 7 7 8 
2300.000: 9 8 8 7 7 7 
2400.000: 10 8 8 10 7 8 
2500.000: 10 7 8 10 7 9 
2600.000: 8 6 8 9 7 9 
2700.000: 8 6 7 8 7 8 
2800.000: 7 5 6 9 8 8 
2900.000: 6 5 6 8 8 8 
3000.000: 6 6 5 7 8 8 
3100.000: 8 6 5 7 8 6 
3200.000: 8 6 5 5 7 7 
3300.000: 7 6 5 5 6 6 
3400.000: 7 6 5 6 6 6 
3500.000: 8 5 4 6 4 6 
3600.000: 7 5 3 6 4 6 
3700.000: 7 5 4 6 4 6 
3800.000: 7 5 4 6 5 6 
3900.000: 6 4 4 5 5 8 
4000.000: 6 4 3 5 5 8 
4100.000: 6 4 3 5 4 8 
4200.000: 6 4 4 5 5 7 
4300.000: 6 4 4 5 5 7 
4400.000: 6 4 4 4 5 6 
4500.000: 5 5 7 5 5 6 
4600.000: 5 5 6 4 5 6 
4700.000: 5 6 6 4 4 6 
4800.000: 6 5 5 4 3 5 
4900.000: 6 4 5 5 3 5 
5000.000: 5 4 4 5 3 6 
5100.000: 5 3 4 5 3 5 
5200.000: 5 3 3 5 3 5 
5300.000: 5 6 3 5 3 5 
5400.000: 5 6 3 5 3 4 
5500.000: 5 6 3 4 3 4 
5600.000: 4 6 3 4 3 4 
5700.000: 4 6 3 4 3 4 
5800.000: 4 5 3 4 3 4 
5900.000: 5 5 3 4 3 4 
6000.000: 5 5 3 4 3 4 
6100.000: 5 5 2 5 3 3 
6200.000: 5 5 2 5 3 3 
6300.000: 5 6 2 5 3 3 
6400.000: 4 7 2 5 3 3 
6500.000: 4 7 2 4 3 3 
6600.000: 4 7 2 4 3 3 
6700.000: 4 7 2 4 3 3 
6800.000: 4 6 2 4 3 3 
6900.000: 4 6 3 4 3 3 
7000.000: 5 5 3 4 3 5 
7100.000: 5 5 3 5 2 5 
7200.000: 5 5 3 5 2 5 
7300.000: 6 5 2 5 2 5 
7400.000: 6 5 2 5 2 5 
7500.000: 6 5 2 5 2 5 
7600.000: 6 5 2 5 2 5 
7700.000: 5 5 2 5 2 5 
7800.000: 5 5 2 5 2 5 
7900.000: 5 5 3 5 2 5 
8000.000: 5 5 3 5 2 5 
8100.000: 6 4 3 5 2 5 
8200.000: 6 4 3 5 2 5 
8300.000: 6 4 3 5 2 6 
8400.000: 6 4 3 5 2 7 
8500.000: 6 4 2 5 2 7 
8600.000: 5 4 2 5 2 6 
8700.000: 5 4 2 5 2 6 
8800.000: 5 4 2 6 3 6 
8900.000: 4 4 3 6 3 6 
9000.000: 4 5 3 5 3 6 
9100.000: 4 5 3 5 3 4 
9200.000: 4 5 3 5 3 4 
9300.000: 4 4 3 5 3 5 
9400.000: 4 4 3 5 3 6 
9500.000: 4 4 3 5 3 6 
9600.000: 4 4 3 5 3 5 
9700.000: 4 3 3 6 3 5 
9800.000: 5 3 3 6 3 5 
9900.000: 5 3 3 5 3 5 
10000.000: 5 3 3 5 3 5 
10100.000: 4 3 3 5 4 5 
10200.000: 4 3 3 4 4 5 
10300.000: 4 3 3 4 4 5 
10400.000: 4 3 3 4 4 4 
10500.000: 4 3 5 4 4 4 
10600.000: 4 3 5 4 4 4 
10700.000: 4 3 5 4 4 3 
10800.000: 4 3 4 4 4 3 
10900.000: 3 3 4 4 4 3 
11000.000: 3 2 4 5 4 3 
11100.000: 3 2 3 5 4 3 
11200.000: 3 2 3 4 4 3 
11300.000: 3 2 3 4 3 3 
11400.000: 2 2 3 4 3 3 
11500.000: 2 2 3 3 3 3 
11600.000: 2 1 2 3 2 3 
11700.000: 2 1 2 3 2 3 
11800.000: 1 1 2 3 2 2 
11900.000: 1 1 2 2 3 2 
12000.000: 1 1 2 2 3 2 
12100.000: 1 1 1 2 3 2 
12200.000: 1 1 1 2 3 2 
12300.000: 1 1 1 2 3 1 
12400.000: 1 1 1 2 3 1 
12500.000: 1 1 1 2 3 1 
12600.000: 1 1 1 1 2 1 
12700.000: 1 1 1 1 2 1 
12800.000: 1 1 1 1 2 1 
12900.000: 1 1 1 1 2 1 
13000.000: 1 1 1 1 1 1 
