1000.000: 13 13 13 12 12 14 
1100.000: 12 11 12 11 11 13 
1200.000: 12 11 10 10 10 12 
1300.000: 10 11 11 9 9 11 
1400.000: 10 9 12 9 8 10 
1500.000: 9 10 11 9 9 9 
1600.000: 9 10 9 9 9 9 
1700.000: 10 10 9 9 7 9 
1800.000: 9 10 7 9 7 10 
1900.000: 7 10 7 8 8 11 
2000.000: 6 9 8 8 8 9 
2100.000: 6 8 8 7 7 9 
2200.000: 6 8 8 6 7 8 
2300.000: 8 8 7 6 6 8 
2400.000: 8 7 7 6 6 8 
2500.000: 7 6 6 7 5 8 
2600.000: 6 6 6 7 5 7 
2700.000: 6 5 6 7 5 7 
2800.000: 6 6 6 6 6 9 
2900.000: 6 7 6 6 7 7 
3000.000: 6 5 6 6 6 7 
3100.000: 5 4 5 6 6 6 
3200.000: 5 6 3 7 5 5 
3300.000: 6 5 3 6 5 5 
3400.000: 6 5 3 7 4 5 
3500.000: 7 5 4 6 4 4 
3600.000: 7 5 5 6 4 4 
3700.000: 7 4 5 5 4 4 
3800.000: 6 4 4 5 4 5 
3900.000: 5 4 4 5 4 5 
4000.000: 5 4 4 5 4 5 
4100.000: 5 4 5 5 4 6 
4200.000: 5 4 5 5 4 7 
4300.000: 5 4 4 5 4 7 
4400.000: 5 4 5 5 4 7 
4500.000: 6 4 5 5 4 7 
4600.000: 6 4 5 5 4 6 
4700.000: 6 4 4 5 4 6 
4800.000: 6 3 4 6 4 6 
4900.000: 5 3 4 6 4 6 
5000.000: 5 3 3 6 4 6 
5100.000: 5 3 3 6 4 6 
5200.000: 5 3 3 6 5 6 
5300.000: 5 3 3 6 5 6 
5400.000: 5 3 3 6 5 6 
5500.000: 5 3 3 6 4 8 
5600.000: 5 3 2 6 4 8 
5700.000: 5 3 2 6 4 7 
5800.000: 5 3 2 6 4 7 
5900.000: 5 3 2 6 4 7 
6000.000: 5 3 2 5 4 6 
6100.000: 5 3 2 5 5 6 
6200.000: 5 3 2 5 6 6 
6300.000: 4 3 3 5 6 5 
6400.000: 4 3 3 5 6 5 
6500.000: 4 3 3 5 5 5 
6600.000: 3 3 3 5 5 4 
6700.000: 3 3 4 5 5 4 
6800.000: 3 3 4 5 5 4 
6900.000: 3 3 4 4 6 4 
7000.000: 3 4 4 4 5 3 
7100.000: 3 4 4 4 5 3 
7200.000: 3 4 5 4 5 3 
7300.000: 3 4 5 3 4 3 
7400.000: 3 4 4 3 4 3 
7500.000: 3 4 4 3 4 3 
7600.000: 4 5 4 3 4 3 
7700.000: 4 5 4 3 3 3 
7800.000: 3 5 4 3 3 3 
7900.000: 3 5 4 3 3 3 
8000.000: 3 5 4 3 3 3 
8100.000: 3 5 4 4 2 3 
8200.000: 4 5 4 4 2 3 
8300.000: 4 5 4 3 2 4 
8400.000: 4 5 4 3 2 4 
8500.000: 4 5 4 3 2 4 
8600.000: 4 5 5 3 2 4 
8700.000: 4 5 5 3 2 3 
8800.000: 4 5 5 3 2 3 
8900.000: 4 5 5 3 2 3 
9000.000: 3 5 4 2 2 3 
9100.000: 3 4 4 2 2 3 
9200.000: 3 4 4 2 2 3 
9300.000: 3 4 4 2 2 3 
9400.000: 2 4 4 2 1 3 
9500.000: 2 3 4 2 1 3 
9600.000: 2 3 4 2 1 3 
9700.000: 2 3 3 2 1 3 
9800.000: 1 3 3 2 1 3 
9900.000: 1 2 3 2 1 3 
10000.000: 1 2 2 2 1 3 
10100.000: 1 2 2 2 1 3 
10200.000: 1 2 2 2 1 3 
10300.000: 1 2 2 1 1 2 
10400.000: 1 1 2 1 1 2 
10500.000: 1 1 1 1 1 2 
10600.000: 1 1 1 1 1 2 
10700.000: 1 1 1 1 1 2 
10800.000: 1 1 1 1 1 2 
10900.000: 1 1 1 1 1 1 
